22.764930 -20.734050 163.786113 -6.473795
163.786113 -6.473795 161.238772 9.702487
161.238772 9.702487 94.729006 2.158927
94.729006 2.158927 92.879884 16.525939
92.879884 16.525939 112.411634 19.255609
112.411634 19.255609 113.853689 10.560168
113.853689 10.560168 144.041088 14.228035
144.041088 14.228035 139.454871 52.729193
139.454871 52.729193 122.129577 51.000656
122.129577 51.000656 119.858133 68.669649
119.858133 68.669649 106.098952 67.071929
106.098952 67.071929 108.664901 36.931579
108.664901 36.931579 57.926045 32.034008
57.926045 32.034008 49.812614 67.458556
49.812614 67.458556 42.809083 128.080988
42.809083 128.080988 50.096410 129.220166
50.096410 129.220166 52.143170 106.151125
52.143170 106.151125 97.178591 106.573496
97.178591 106.573496 119.512063 118.983535
119.512063 118.983535 112.964300 163.915702
112.964300 163.915702 122.516998 174.512654
122.516998 174.512654 117.085888 194.305351
117.085888 194.305351 13.405967 181.442421
13.405967 181.442421 15.829868 163.146769
15.829868 163.146769 77.792798 169.238383
77.792798 169.238383 75.736705 150.219203
75.736705 150.219203 62.040984 159.372107
62.040984 159.372107 47.736870 157.689519
47.736870 157.689519 44.534663 149.785126
44.534663 149.785126 8.021077 146.686362
8.021077 146.686362 7.493365 139.039412
7.493365 139.039412 -13.965972 136.937373
-13.965972 136.937373 -18.892712 147.196508
-18.892712 147.196508 -26.376309 166.461029
-26.376309 166.461029 -68.634330 162.582985
-68.634330 162.582985 -65.525236 127.126707
-65.525236 127.126707 -18.799189 131.928719
-18.799189 131.928719 -15.932427 117.403405
-15.932427 117.403405 24.224801 123.219600
24.224801 123.219600 30.593010 66.431866
30.593010 66.431866 11.400411 64.414969
11.400411 64.414969 16.581780 13.829532
16.581780 13.829532 20.947642 14.131582
20.947642 14.131582 21.814369 5.427073
21.814369 5.427073 51.146611 7.804523
51.146611 7.804523 54.624477 5.778235
54.624477 5.778235 64.490128 13.035381
64.490128 13.035381 89.695467 16.525144
89.695467 16.525144 91.420162 1.739140
91.420162 1.739140 20.355698 -5.300484
20.355698 -5.300484 22.764930 -20.734050
